10
0 2 20 29 22 8 22 9 19 21 
2 0 18 27 22 8 22 9 19 21 
20 18 0 9 22 24 22 13 19 21 
29 27 9 0 21 33 17 22 26 14 
22 22 22 21 0 14 4 31 5 7 
8 8 24 33 14 0 16 17 11 19 
22 22 22 17 4 16 0 31 9 3 
9 9 13 22 31 17 31 0 28 30 
19 19 19 26 5 11 9 28 0 12 
21 21 21 14 7 19 3 30 12 0 
