10
0 13 8 22 10 25 21 22 30 5 
13 0 5 9 11 12 16 9 17 8 
8 5 0 14 6 17 13 14 22 5 
22 9 14 0 16 13 21 12 10 17 
10 11 6 16 0 15 11 12 20 11 
25 12 17 13 15 0 8 3 5 20 
21 16 13 21 11 8 0 9 11 16 
22 9 14 12 12 3 9 0 8 17 
30 17 22 10 20 5 11 8 0 25 
5 8 5 17 11 20 16 17 25 0 
